

function cmap = colormap_time

cmap(1,:) = [202 38 49]./255;
cmap(2,:) = [187 82 60]./255;
cmap(3,:) = [188 148 94]./255;
cmap(4,:) = [201 172 130]./255;
cmap(5,:) = [226 229 182]./255;
cmap(6,:) = [230 247 230]./255;
cmap(7,:) = [163 196 212]./255;
cmap(8,:) = [135 170 189]./255;

end